0011700062
0011700063
0011700064
0011700061
0011700065
0011700066
0011700067
0011700069
0011700075
0011700070
0011700071
0011700072
0011700068
0011700076
0011700073
0011700074
0011700077
0011700078
0021700001
0021700002
0021700003
0021700004
0021700005
0021700006
0021700007
0021700008
0021700009
0021700010
0021700011
0021700012
0021700013
0021700014
0021700015
0021700016
0021700017
0021700018
0021700019
0021700020
0021700021
0021700022
0021700023
0021700024
0021700025
0021700026
0021700027
0021700028
0021700029
0021700030
0021700031
0021700032
0021700033
0021700034
0021700035
0021700036
0021700037
0021700038
0021700039
0021700040
0021700041
0021700042
0021700043
0021700044
0021700045
0021700046
0021700047
0021700048
0021700049
0021700050
0021700051
0021700052
0021700053
0021700054
0021700055
0021700056
0021700057
0021700058
0021700059
0021700060
0021700061
0021700062
0021700063
0021700064
0021700065
0021700066
0021700067
0021700068
0021700069
0021700070
0021700071
0021700072
0021700073
0021700074
0021700075
0021700076
0021700077
0021700078
0021700079
0021700080
0021700081
0021700082
0021700083
0021700084
0021700085
0021700086
0021700087
0021700088
0021700089
0021700090
0021700091
0021700092
0021700093
0021700094
0021700095
0021700096
0021700097
0021700098
0021700099
0021700100
0021700101
0021700102
0021700103
0021700104
0021700105
0021700106
0021700107
0021700108
0021700109
0021700110
0021700111
0021700112
0021700113
0021700114
0021700115
0021700116
0021700117
0021700118
0021700119
0021700120
0021700121
0021700122
0021700123
0021700124
0021700125
0021700126
0021700127
0021700128
0021700129
0021700130
0021700131
0021700132
0021700133
0021700134
0021700135
0021700136
0021700137
0021700138
0021700139
0021700140
0021700141
0021700142
0021700143
0021700144
0021700145
0021700146
0021700147
0021700148
0021700149
0021700150
0021700151
0021700152
0021700153
0021700154
0021700155
0021700156
0021700157
0021700158
0021700159
0021700160
0021700161
0021700162
0021700163
0021700164
0021700165
0021700166
0021700167
0021700168
0021700169
0021700170
0021700171
0021700172
0021700173
0021700174
0021700175
0021700176
0021700177
0021700178
0021700179
0021700180
0021700181
0021700182
0021700183
0021700184
0021700185
0021700186
0021700187
0021700188
0021700189
0021700190
0021700191
0021700192
0021700193
0021700194
0021700195
0021700196
0021700197
0021700198
0021700199
0021700200
0021700201
0021700202
0021700203
0021700204
0021700205
0021700206
0021700207
0021700208
0021700209
0021700210
0021700211
0021700212
0021700213
0021700214
0021700215
0021700216
0021700217
0021700218
0021700219
0021700220
0021700221
0021700222
0021700223
0021700224
0021700225
0021700226
0021700227
0021700228
0021700229
0021700230
0021700231
0021700232
0021700233
0021700234
0021700237
0021700235
0021700236
0021700238
0021700239
0021700240
0021700241
0021700242
0021700243
0021700244
0021700245
0021700246
0021700247
0021700248
0021700249
0021700250
0021700251
0021700252
0021700253
0021700254
0021700255
0021700256
0021700257
0021700258
0021700259
0021700260
0021700261
0021700262
0021700263
0021700264
0021700265
0021700266
0021700267
0021700268
0021700269
0021700270
0021700271
0021700272
0021700273
0021700274
0021700275
0021700276
0021700277
0021700278
0021700279
0021700280
0021700281
0021700282
0021700283
0021700284
0021700285
0021700286
0021700287
0021700288
0021700289
0021700290
0021700291
0021700292
0021700293
0021700294
0021700295
0021700296
0021700297
0021700298
0021700299
0021700300
0021700301
0021700302
0021700303
0021700304
0021700305
0021700306
0021700307
0021700308
0021700309
0021700310
0021700311
0021700312
0021700313
0021700314
0021700315
0021700316
0021700317
0021700318
0021700320
0021700319
0021700321
0021700322
0021700323
0021700324
0021700325
0021700326
0021700327
0021700328
0021700329
0021700330
0021700331
0021700332
0021700333
0021700334
0021700335
0021700336
0021700337
0021700338
0021700339
0021700340
0021700341
0021700342
0021700343
0021700344
0021700345
0021700346
0021700347
0021700348
0021700349
0021700350
0021700351
0021700352
0021700353
0021700354
0021700355
0021700356
0021700357
0021700358
0021700359
0021700360
0021700361
0021700362
0021700363
0021700364
0021700365
0021700366
0021700367
0021700368
0021700369
0021700370
0021700371
0021700372
0021700373
0021700374
0021700375
0021700376
0021700377
0021700378
0021700379
0021700380
0021700381
0021700382
0021700383
0021700384
0021700385
0021700386
0021700387
0021700388
0021700389
0021700390
0021700391
0021700392
0021700393
0021700394
0021700395
0021700396
0021700397
0021700398
0021700399
0021700400
0021700402
0021700401
0021700403
0021700404
0021700405
0021700406
0021700407
0021700408
0021700409
0021700410
0021700411
0021700412
0021700413
0021700414
0021700415
0021700416
0021700417
0021700418
0021700419
0021700420
0021700421
0021700422
0021700423
0021700424
0021700425
0021700426
0021700427
0021700428
0021700429
0021700430
0021700431
0021700432
0021700433
0021700434
0021700435
0021700436
0021700437
0021700438
0021700439
0021700440
0021700441
0021700442
0021700443
0021700444
0021700445
0021700446
0021700447
0021700448
0021700449
0021700450
0021700451
0021700452
0021700453
0021700454
0021700455
0021700456
0021700457
0021700458
0021700459
0021700460
0021700461
0021700462
0021700463
0021700464
0021700465
0021700466
0021700467
0021700468
0021700469
0021700470
0021700471
0021700472
0021700473
0021700474
0021700475
0021700476
0021700477
0021700478
0021700479
0021700480
0021700481
0021700482
0021700483
0021700484
0021700485
0021700486
0021700487
0021700488
0021700489
0021700490
0021700491
0021700492
0021700493
0021700494
0021700495
0021700496
0021700497
0021700498
0021700499
0021700500
0021700501
0021700502
0021700503
0021700504
0021700505
0021700506
0021700507
0021700508
0021700509
0021700510
0021700511
0021700512
0021700513
0021700514
0021700515
0021700516
0021700517
0021700518
0021700519
0021700520
0021700521
0021700522
0021700523
0021700524
0021700525
0021700526
0021700527
0021700528
0021700529
0021700530
0021700531
0021700532
0021700533
0021700534
0021700535
0021700536
0021700537
0021700538
0021700539
0021700540
0021700541
0021700542
0021700543
0021700544
0021700545
0021700546
0021700547
0021700548
0021700549
0021700550
0021700551
0021700552
0021700553
0021700554
0021700555
0021700556
0021700557
0021700558
0021700559
0021700560
0021700561
0021700562
0021700563
0021700564
0021700565
0021700566
0021700567
0021700569
0021700570
0021700568
0021700571
0021700572
0021700573
0021700574
0021700575
0021700576
0021700577
0021700578
0021700579
0021700580
0021700581
0021700582
0021700583
0021700584
0021700585
0021700586
0021700587
0021700588
0021700589
0021700590
0021700591
0021700592
0021700593
0021700594
0021700595
0021700596
0021700597
0021700598
0021700599
0021700600
0021700601
0021700602
0021700603
0021700604
0021700605
0021700606
0021700607
0021700608
0021700609
0021700610
0021700611
0021700612
0021700613
0021700614
0021700615
0021700616
0021700617
0021700618
0021700619
0021700620
0021700621
0021700622
0021700623
0021700624
0021700625
0021700626
0021700627
0021700628
0021700629
0021700630
0021700631
0021700632
0021700633
0021700634
0021700635
0021700636
0021700637
0021700638
0021700639
0021700640
0021700641
0021700642
0021700644
0021700645
0021700643
0021700646
0021700647
0021700648
0021700649
0021700650
0021700651
0021700652
0021700653
0021700654
0021700655
0021700656
0021700657
0021700658
0021700659
0021700660
0021700661
0021700662
0021700663
0021700664
0021700665
0021700666
0021700667
0021700668
0021700669
0021700670
0021700671
0021700672
0021700673
0021700674
0021700675
0021700676
0021700677
0021700678
0021700679
0021700680
0021700681
0021700682
0021700683
0021700684
0021700685
0021700686
0021700687
0021700688
0021700689
0021700690
0021700691
0021700692
0021700693
0021700694
0021700695
0021700696
0021700697
0021700698
0021700699
0021700700
0021700701
0021700702
0021700703
0021700704
0021700705
0021700706
0021700707
0021700708
0021700709
0021700710
0021700711
0021700712
0021700713
0021700714
0021700715
0021700716
0021700717
0021700718
0021700719
0021700720
0021700721
0021700722
0021700723
0021700724
0021700725
0021700726
0021700727
0021700728
0021700729
0021700730
0021700731
0021700732
0021700733
0021700734
0021700735
0021700736
0021700737
0021700738
0021700739
0021700740
0021700741
0021700742
0021700743
0021700744
0021700745
0021700746
0021700747
0021700748
0021700749
0021700750
0021700751
0021700752
0021700753
0021700754
0021700755
0021700756
0021700757
0021700758
0021700759
0021700760
0021700761
0021700762
0021700763
0021700764
0021700765
0021700766
0021700767
0021700768
0021700769
0021700770
0021700771
0021700772
0021700773
0021700774
0021700775
0021700776
0021700777
0021700778
0021700779
0021700780
0021700781
0021700782
0021700783
0021700784
0021700785
0021700786
0021700787
0021700788
0021700789
0021700790
0021700791
0021700792
0021700793
0021700794
0021700795
0021700796
0021700797
0021700798
0021700799
0021700800
0021700801
0021700802
0021700803
0021700804
0021700805
0021700806
0021700807
0021700808
0021700810
0021700811
0021700812
0021700813
0021700814
0021700815
0021700816
0021700817
0021700818
0021700819
0021700820
0021700821
0021700823
0021700824
0021700822
0021700825
0021700826
0021700827
0021700828
0021700829
0021700830
0021700831
0021700832
0021700833
0021700834
0021700835
0021700836
0021700837
0021700838
0021700839
0021700840
0021700841
0021700842
0021700843
0021700844
0021700845
0021700846
0021700847
0021700848
0021700849
0021700850
0021700851
0021700852
0021700853
0021700854
0021700855
0021700856
0021700857
0021700858
0021700859
0021700860
0021700861
0021700862
0021700863
0021700864
0021700865
0021700866
0031700002
0031700001
0021700867
0021700868
0021700869
0021700870
0021700871
0021700872
0021700873
0021700874
0021700875
0021700876
0021700877
0021700878
0021700879
0021700880
0021700881
0021700882
0021700883
0021700884
0021700885
0021700886
0021700887
0021700888
0021700889
0021700890
0021700891
0021700892
0021700893
0021700894
0021700895
0021700896
0021700897
0021700898
0021700899
0021700900
0021700901
0021700902
0021700903
0021700904
0021700905
0021700906
0021700907
0021700908
0021700909
0021700910
0021700911
0021700912
0021700913
0021700914
0021700915
0021700916
0021700917
0021700918
0021700919
0021700920
0021700921
0021700922
0021700923
0021700924
0021700925
0021700926
0021700927
0021700928
0021700929
0021700930
0021700931
0021700932
0021700933
0021700934
0021700935
0021700936
0021700937
0021700938
0021700939
0021700940
0021700941
0021700942
0021700943
0021700944
0021700945
0021700946
0021700947
0021700948
0021700949
0021700950
0021700951
0021700952
0021700953
0021700954
0021700955
0021700956
0021700957
0021700958
0021700959
0021700960
0021700961
0021700962
0021700963
0021700964
0021700965
0021700966
0021700967
0021700968
0021700969
0021700970
0021700971
0021700972
0021700973
0021700974
0021700975
0021700976
0021700977
0021700978
0021700979
0021700980
0021700981
0021700982
0021700983
0021700984
0021700985
0021700986
0021700987
0021700988
0021700989
0021700990
0021700991
0021700992
0021700993
0021700994
0021700995
0021700996
0021700997
0021700998
0021700999
0021701000
0021701001
0021701002
0021701003
0021701004
0021701005
0021701006
0021701007
0021701008
0021701009
0021701010
0021701011
0021701012
0021701013
0021701014
0021701015
0021701016
0021701017
0021701018
0021701019
0021701020
0021701021
0021701022
0021701023
0021701024
0021701025
0021701026
0021701027
0021701028
0021701029
0021701030
0021701031
0021701032
0021701033
0021701034
0021701041
0021701035
0021701036
0021701037
0021701038
0021701039
0021701040
0021701042
0021701043
0021701044
0021701045
0021701046
0021701047
0021701048
0021701049
0021701050
0021701051
0021701052
0021701053
0021701054
0021701055
0021701056
0021701057
0021701058
0021701059
0021701060
0021701061
0021701062
0021701063
0021701064
0021701065
0021701066
0021701067
0021701068
0021700809
0021701069
0021701070
0021701071
0021701072
0021701073
0021701074
0021701075
0021701076
0021701077
0021701078
0021701079
0021701080
0021701081
0021701082
0021701083
0021701084
0021701085
0021701086
0021701087
0021701088
0021701089
0021701090
0021701091
0021701092
0021701093
0021701094
0021701095
0021701096
0021701097
0021701098
0021701099
0021701100
0021701101
0021701102
0021701103
0021701104
0021701105
0021701106
0021701107
0021701108
0021701109
0021701110
0021701111
0021701112
0021701113
0021701114
0021701115
0021701116
0021701117
0021701118
0021701119
0021701120
0021701121
0021701122
0021701123
0021701124
0021701125
0021701126
0021701127
0021701128
0021701129
0021701130
0021701131
0021701132
0021701133
0021701134
0021701135
0021701136
0021701137
0021701138
0021701139
0021701140
0021701141
0021701142
0021701143
0021701144
0021701145
0021701146
0021701147
0021701148
0021701149
0021701150
0021701151
0021701152
0021701153
0021701154
0021701155
0021701156
0021701157
0021701158
0021701159
0021701160
0021701161
0021701162
0021701163
0021701164
0021701165
0021701166
0021701167
0021701168
0021701169
0021701170
0021701172
0021701171
0021701173
0021701174
0021701175
0021701176
0021701177
0021701178
0021701179
0021701180
0021701181
0021701182
0021701183
0021701184
0021701185
0021701186
0021701187
0021701188
0021701189
0021701190
0021701191
0021701192
0021701193
0021701194
0021701195
0021701196
0021701197
0021701198
0021701202
0021701199
0021701200
0021701201
0021701203
0021701204
0021701205
0021701206
0021701207
0021701208
0021701209
0021701210
0021701211
0021701212
0021701213
0021701214
0021701215
0021701216
0021701217
0021701218
0021701219
0021701220
0021701221
0021701222
0021701223
0021701224
0021701225
0021701226
0021701227
0021701228
0021701229
0021701230
